,Summary,Size of Government,Legal System and Property Rights,Sound Money,Freedom to Trade Internationally,Regulation
Summary,1.0,0.33,0.76,0.83,0.86,0.83
Size of Government,0.33,1.0,-0.1,0.16,0.15,0.2
Legal System and Property Rights,0.76,-0.1,1.0,0.52,0.63,0.64
Sound Money,0.83,0.16,0.52,1.0,0.68,0.6
Freedom to Trade Internationally,0.86,0.15,0.63,0.68,1.0,0.64
Regulation,0.83,0.2,0.64,0.6,0.64,1.0
